3
"reco p_{#mu}" "GeV/c" "reco $p_{\mu}$" "GeV$/c$"
"reco cos#theta_{#mu}" "" "reco $\cos\theta_{\mu}$" ""
"reco bin number" "" "reco bin number" ""
26
"events"
1 1 3 -1 0 1
1 0 0.1 0.17
2
0 1 1
1 1 2
"events"
1 1 4 -1 -0.2 0.4 1
1 0 0.17 0.21
3
2 1 1
3 1 2
4 1 3
"events"
1 1 4 -1 -0.2 0.4 1
1 0 0.21 0.23
3
5 1 1
6 1 2
7 1 3
"events"
1 1 4 -1 -0.1 0.5 1
1 0 0.23 0.26
3
8 1 1
9 1 2
10 1 3
"events"
1 1 5 -1 -0.1 0.35 0.6 1
1 0 0.26 0.29
4
11 1 1
12 1 2
13 1 3
14 1 4
"events"
1 1 6 -1 -0.1 0.2 0.45 0.7 1
1 0 0.29 0.32
5
15 1 1
16 1 2
17 1 3
18 1 4
19 1 5
"events"
1 1 6 -1 -0.1 0.2 0.45 0.7 1
1 0 0.32 0.35
5
20 1 1
21 1 2
22 1 3
23 1 4
24 1 5
"events"
1 1 6 -1 -0.1 0.2 0.45 0.7 1
1 0 0.35 0.38
5
25 1 1
26 1 2
27 1 3
28 1 4
29 1 5
"events"
1 1 6 -1 0 0.4 0.65 0.85 1
1 0 0.38 0.45
5
30 1 1
31 1 2
32 1 3
33 1 4
34 1 5
"events"
1 1 5 -1 0.4 0.65 0.85 1
1 0 0.45 0.48
4
35 1 1
36 1 2
37 1 3
38 1 4
"events"
1 1 4 -1 0.65 0.85 1
1 0 0.48 0.51
3
39 1 1
40 1 2
41 1 3
"events"
1 1 6 -1 0.5 0.65 0.8 0.9 1
1 0 0.51 0.55
5
42 1 1
43 1 2
44 1 3
45 1 4
46 1 5
"events"
1 1 6 -1 0.6 0.72 0.83 0.91 1
1 0 0.55 0.59
5
47 1 1
48 1 2
49 1 3
50 1 4
51 1 5
"events"
1 1 6 -1 0.6 0.72 0.83 0.91 1
1 0 0.59 0.64
5
52 1 1
53 1 2
54 1 3
55 1 4
56 1 5
"events"
1 1 5 -1 0.72 0.83 0.91 1
1 0 0.64 0.69
4
57 1 1
58 1 2
59 1 3
60 1 4
"events"
1 1 5 -1 0.8 0.88 0.95 1
1 0 0.69 0.74
4
61 1 1
62 1 2
63 1 3
64 1 4
"events"
1 1 5 -1 0.8 0.88 0.95 1
1 0 0.74 0.79
4
65 1 1
66 1 2
67 1 3
68 1 4
"events"
1 1 3 -1 0.9 1
1 0 0.79 0.84
2
69 1 1
70 1 2
"events"
1 1 3 -1 0.9 1
1 0 0.84 0.89
2
71 1 1
72 1 2
"events"
1 1 3 -1 0.93 1
1 0 0.89 0.94
2
73 1 1
74 1 2
"events"
1 1 3 -1 0.93 1
1 0 0.94 1
2
75 1 1
76 1 2
"events"
1 1 4 -1 0.93 0.965 1
1 0 1 1.1
3
77 1 1
78 1 2
79 1 3
"events"
1 1 3 -1 0.95 1
1 0 1.1 1.2
2
80 1 1
81 1 2
"events"
1 2 84 0 1 2 3 4 5 6 7 8 9 10 11 12 13 14 15 16 17 18 19 20 21 22 23 24 25 26 27 28 29 30 31 32 33 34 35 36 37 38 39 40 41 42 43 44 45 46 47 48 49 50 51 52 53 54 55 56 57 58 59 60 61 62 63 64 65 66 67 68 69 70 71 72 73 74 75 76 77 78 79 80 81 82 83
0
83
0 1 1
1 1 2
2 1 3
3 1 4
4 1 5
5 1 6
6 1 7
7 1 8
8 1 9
9 1 10
10 1 11
11 1 12
12 1 13
13 1 14
14 1 15
15 1 16
16 1 17
17 1 18
18 1 19
19 1 20
20 1 21
21 1 22
22 1 23
23 1 24
24 1 25
25 1 26
26 1 27
27 1 28
28 1 29
29 1 30
30 1 31
31 1 32
32 1 33
33 1 34
34 1 35
35 1 36
36 1 37
37 1 38
38 1 39
39 1 40
40 1 41
41 1 42
42 1 43
43 1 44
44 1 45
45 1 46
46 1 47
47 1 48
48 1 49
49 1 50
50 1 51
51 1 52
52 1 53
53 1 54
54 1 55
55 1 56
56 1 57
57 1 58
58 1 59
59 1 60
60 1 61
61 1 62
62 1 63
63 1 64
64 1 65
65 1 66
66 1 67
67 1 68
68 1 69
69 1 70
70 1 71
71 1 72
72 1 73
73 1 74
74 1 75
75 1 76
76 1 77
77 1 78
78 1 79
79 1 80
80 1 81
81 1 82
82 1 83
"events"
1 0 24 0.1 0.17 0.21 0.23 0.26 0.29 0.32 0.35 0.38 0.45 0.48 0.51 0.55 0.59 0.64 0.69 0.74 0.79 0.84 0.89 0.94 1 1.1 1.2
0
82
0 1 1
1 1 1
2 1 2
3 1 2
4 1 2
5 1 3
6 1 3
7 1 3
8 1 4
9 1 4
10 1 4
11 1 5
12 1 5
13 1 5
14 1 5
15 1 6
16 1 6
17 1 6
18 1 6
19 1 6
20 1 7
21 1 7
22 1 7
23 1 7
24 1 7
25 1 8
26 1 8
27 1 8
28 1 8
29 1 8
30 1 9
31 1 9
32 1 9
33 1 9
34 1 9
35 1 10
36 1 10
37 1 10
38 1 10
39 1 11
40 1 11
41 1 11
42 1 12
43 1 12
44 1 12
45 1 12
46 1 12
47 1 13
48 1 13
49 1 13
50 1 13
51 1 13
52 1 14
53 1 14
54 1 14
55 1 14
56 1 14
57 1 15
58 1 15
59 1 15
60 1 15
61 1 16
62 1 16
63 1 16
64 1 16
65 1 17
66 1 17
67 1 17
68 1 17
69 1 18
70 1 18
71 1 19
72 1 19
73 1 20
74 1 20
75 1 21
76 1 21
77 1 22
78 1 22
79 1 22
80 1 23
81 1 23
"events"
1 2 62 82 83 84 85 86 87 88 89 90 91 92 93 94 95 96 97 98 99 100 101 102 103 104 105 106 107 108 109 110 111 112 113 114 115 116 117 118 119 120 121 122 123 124 125 126 127 128 129 130 131 132 133 134 135 136 137 138 139 140 141 142 143
0
61
82 1 1
83 1 2
84 1 3
85 1 4
86 1 5
87 1 6
88 1 7
89 1 8
90 1 9
91 1 10
92 1 11
93 1 12
94 1 13
95 1 14
96 1 15
97 1 16
98 1 17
99 1 18
100 1 19
101 1 20
102 1 21
103 1 22
104 1 23
105 1 24
106 1 25
107 1 26
108 1 27
109 1 28
110 1 29
111 1 30
112 1 31
113 1 32
114 1 33
115 1 34
116 1 35
117 1 36
118 1 37
119 1 38
120 1 39
121 1 40
122 1 41
123 1 42
124 1 43
125 1 44
126 1 45
127 1 46
128 1 47
129 1 48
130 1 49
131 1 50
132 1 51
133 1 52
134 1 53
135 1 54
136 1 55
137 1 56
138 1 57
139 1 58
140 1 59
141 1 60
142 1 61
